touchbar: 0
touchbar: 0
touchbar:  2 0.815937 0.373631 0.96625 0.55541
touchbar:  2 0.814062 0.0630749 0.96625 0.55541
touchbar:  1 0.835625 0.635129
touchbar:  1 0.625 0.946781
touchbar:  1 0.437812 0.857862
touchbar:  1 0.297812 0.866623
touchbar:  1 0.141875 0.700175
touchbar:  1 0.001875 0.235436
touchbar: 0
touchbar:  1 0.036875 0.532633
touchbar:  1 0.190625 0.665791
touchbar:  1 0.320937 0.697985
touchbar:  1 0.442187 0.761498
touchbar:  1 0.519062 0.823697
touchbar:  1 0.608437 0.789969
touchbar:  2 0.715937 0.692729 0.84 0.0105125
touchbar:  1 0.816562 0.575997
touchbar:  2 0.84 0.00985545 0.9775 0.428384
touchbar:  1 0.994062 0.295226
touchbar:  1 0.9925 0.309242
touchbar:  1 0.798437 0.676522
touchbar:  1 0.61625 0.819755
touchbar:  1 0.442187 0.761498
touchbar:  1 0.277812 0.697985
touchbar:  1 0.161563 0.56636
touchbar:  1 0.069375 0.459264
touchbar:  1 0.034375 0.515988
touchbar:  1 0.015 0.361805
touchbar: 0
touchbar: 0
touchbar: 0
touchbar: 0
touchbar: 0
touchbar:  1 0.0984375 0.488831
touchbar:  1 0.103437 0.531318
touchbar:  1 0.109375 0.53986
touchbar:  2 0.104687 0.50657 0.599687 0.78756
touchbar:  2 0.102812 0.542488 0.599687 0.78756
touchbar:  2 0.094375 0.533071 0.596875 0.815374
touchbar:  2 0.08625 0.489269 0.567813 0.868375
touchbar:  2 0.08875 0.507008 0.560937 0.800044
touchbar:  3 0.0909375 0.521901 0.559062 0.808147 0.893438 0.381954
touchbar:  3 0.0846875 0.478099 0.556875 0.740035 0.87625 0.562637
touchbar:  3 0.0846875 0.478537 0.555313 0.67696 0.87625 0.562637
touchbar:  3 0.085 0.48007 0.556875 0.727113 0.87625 0.562637
touchbar:  3 0.0859375 0.487297 0.557187 0.743758 0.87625 0.562637